1742901845606 0.27081214636564255 1
1742901845732 0.06162775792181492 2
1742901845856 0.019677893351763488 3
1742901845973 0.01619374812580645 4
1742901846091 0.014440334308892489 5
1742901846213 0.01355216084048152 6
1742901846336 0.012477084202691913 7
1742901846458 0.011659093806520105 8
1742901846578 0.010604116786271333 9
1742901846695 0.009139852644875646 10
1742901846839 0.008087815530598164 11
1742901846955 0.006035026255995035 12
1742901847070 0.006495052739046514 13
1742901847184 0.006842734850943088 14
1742901847300 0.005812226422131061 15
1742901847417 0.005404940992593765 16
1742901847538 0.005618195189163089 17
1742901847680 0.005162355792708695 18
1742901847790 0.004327588132582605 19
1742901847901 0.004888225230388343 20
1742901848020 0.004341776110231876 21
1742901848136 0.004168457828927785 22
1742901848253 0.004894381435588002 23
1742901848377 0.0046055982122197745 24
1742901848501 0.004960734979249537 25
1742901848622 0.004560477775521576 26
1742901848733 0.0035243582678958774 27
1742901848841 0.004162239609286189 28
1742901848948 0.0034477304434403777 29
1742901849052 0.003002769872546196 30
1742901849147 0.0029062700923532248 31
1742901849243 0.0030168725876137613 32
1742901849342 0.0028308043023571373 33
1742901849436 0.002684614260215312 34
1742901849543 0.002961786650121212 35
1742901849674 0.0032084308215416966 36
1742901849771 0.002822265785653144 37
1742901849868 0.0029148195870220663 38
1742901849963 0.0026423229952342807 39
1742901850061 0.0026065632468089462 40
1742901850160 0.002463711006566882 41
1742901850262 0.0024646711884997786 42
1742901850360 0.0024866177467629314 43
1742901850459 0.00254725303966552 44
1742901850559 0.0027074176701717078 45
1742901850664 0.0029069128329865636 46
1742901850757 0.0024574385839514433 47
1742901850852 0.002373502717819065 48
1742901850953 0.0024141209898516534 49
1742901851056 0.0025798216462135314 50
