1742906080614 0.2219448871910572 1
1742906080736 0.03055676007643342 2
1742906080864 0.015839674230664968 3
1742906080992 0.01414634957909584 4
1742906081116 0.012973153917118906 5
1742906081237 0.01183197689242661 6
1742906081363 0.010458992421627044 7
1742906081488 0.008781840931624174 8
1742906081605 0.006460035732015967 9
1742906081724 0.0057317551225423815 10
1742906081866 0.00538292967248708 11
1742906081995 0.005414296500384807 12
1742906082118 0.0051260549575090405 13
1742906082234 0.004831797443330288 14
1742906082350 0.005716189835220575 15
1742906082475 0.00527290056925267 16
1742906082599 0.004490356496535242 17
1742906082718 0.004315300774760544 18
1742906082869 0.003984765242785215 19
1742906082985 0.00423464837949723 20
1742906083101 0.0038619497558102013 21
1742906083225 0.0038947851629927755 22
1742906083351 0.0036716003669425845 23
1742906083466 0.003706425498239696 24
1742906083575 0.0034442523261532187 25
1742906083693 0.0033908025710843504 26
1742906083808 0.0031205893494188784 27
1742906083926 0.003056084387935698 28
1742906084042 0.0029829215724021195 29
1742906084161 0.0027583070332184434 30
1742906084283 0.0028303337399847805 31
1742906084391 0.0029386010253801944 32
1742906084506 0.0028560189297422768 33
1742906084635 0.0028427348588593304 34
1742906084759 0.0024952666950412094 35
1742906084870 0.002669402735773474 36
1742906084996 0.0026132100727409126 37
1742906085129 0.002692838723305613 38
1742906085250 0.002656090573873371 39
1742906085371 0.0026846941094845534 40
1742906085503 0.0029848612495698033 41
1742906085633 0.003003375802654773 42
1742906085748 0.0025777913513593377 43
1742906085874 0.002518639387562871 44
1742906086000 0.002385071199387312 45
1742906086115 0.002543797320686281 46
1742906086229 0.002438439312390983 47
1742906086345 0.0022933288128115237 48
1742906086463 0.002534600452054292 49
1742906086621 0.0024086704826913772 50
