1742901707695 0.27612280026078223 1
1742901707821 0.05979047240689397 2
1742901707952 0.020465775951743127 3
1742901708066 0.01671512220054865 4
1742901708179 0.015370273683220147 5
1742901708302 0.01389978569932282 6
1742901708426 0.013014454301446677 7
1742901708547 0.012631506472826005 8
1742901708665 0.012051825411617756 9
1742901708782 0.011154073243960737 10
1742901708922 0.010292435064911842 11
1742901709040 0.008677448658272625 12
1742901709155 0.007981477561406792 13
1742901709272 0.007311497209593653 14
1742901709387 0.006085566524416208 15
1742901709500 0.005997564108110964 16
1742901709639 0.006205892376601696 17
1742901709753 0.0055658949771896 18
1742901709861 0.005020019831135869 19
1742901709973 0.005512502882629633 20
1742901710099 0.005848732264712453 21
1742901710218 0.005190256121568382 22
1742901710335 0.0048442698083817955 23
1742901710457 0.004711467563174665 24
1742901710579 0.004238792252726853 25
1742901710695 0.003894940298050642 26
1742901710816 0.004185006488114595 27
1742901710936 0.003664118191227317 28
1742901711066 0.0034554510377347468 29
1742901711183 0.0034898621728643776 30
1742901711299 0.003172664833255112 31
1742901711481 0.003068659419659525 32
1742901711596 0.0031714288983494044 33
1742901711705 0.002869179786648601 34
1742901711807 0.003462882258463651 35
1742901711905 0.004243357898667454 36
1742901712000 0.003518150234594941 37
1742901712097 0.003126620652619749 38
1742901712191 0.002825750212650746 39
1742901712289 0.002838202775456011 40
1742901712388 0.0026750873774290087 41
1742901712481 0.002732213959097862 42
1742901712572 0.0026204187190160154 43
1742901712667 0.0025930932839401065 44
1742901712769 0.0024878282682038845 45
1742901712865 0.0024503499269485475 46
1742901712962 0.0026420002919621765 47
1742901713059 0.0023940944811329246 48
1742901713156 0.002506250992882997 49
1742901713251 0.0024309563799761237 50
