1742818637164 0.396537721157074 1
1742818637267 0.250536248087883 2
1742818637382 0.08334448598325253 3
1742818637488 0.0411221195012331 4
1742818637601 0.015004863776266576 5
1742818637710 0.022262268885970115 6
1742818637809 0.019322087429463862 7
1742818637914 0.0139353952370584 8
1742818638024 0.015141741558909416 9
1742818638126 0.013165336288511752 10
1742818638223 0.013125688023865222 11
1742818638322 0.012793236970901489 12
1742818638426 0.012130852043628692 13
1742818638537 0.012037858925759792 14
1742818638640 0.011585716716945171 15
1742818638777 0.01133664809167385 16
1742818638883 0.010953603219240904 17
1742818638990 0.010506073106080293 18
1742818639110 0.010134931653738022 19
1742818639212 0.009423165395855904 20
1742818639312 0.008959649223834276 21
1742818639412 0.00807013250887394 22
1742818639520 0.007244515884667635 23
1742818639627 0.00642884373664856 24
1742818639730 0.005993516044691205 25
1742818639831 0.006328238267451524 26
1742818639932 0.006311532575637102 27
1742818640035 0.0059065456502139565 28
1742818640138 0.00557841882109642 29
1742818640262 0.005282656103372574 30
1742818640389 0.005312262382358312 31
1742818640488 0.005132567742839456 32
1742818640585 0.005011883052065969 33
1742818640697 0.0049224582500755785 34
1742818640812 0.005011646775528789 35
1742818640923 0.005058347433805466 36
1742818641040 0.004605229943990707 37
1742818641154 0.004841257445514202 38
1742818641255 0.00484548001550138 39
1742818641360 0.004706340748816729 40
1742818641463 0.004640519805252552 41
1742818641563 0.0042915856000036 42
1742818641669 0.00404876652173698 43
1742818641769 0.003986440552398563 44
1742818641871 0.00401623947545886 45
1742818641970 0.003971343720331788 46
1742818642063 0.0041462438181042675 47
1742818642163 0.0038227451033890246 48
1742818642266 0.003916733944788575 49
1742818642363 0.003508812328800559 50
