1742896808905 0.45532198548316954 1
1742896808983 0.2790461599826813 2
1742896809058 0.08096299692988396 3
1742896809130 0.04721982516348362 4
1742896809203 0.018840577080845834 5
1742896809282 0.025247288309037684 6
1742896809358 0.019852711632847787 7
1742896809432 0.015313517861068248 8
1742896809505 0.016107309609651566 9
1742896809575 0.013981385715305805 10
1742896809660 0.013656723126769067 11
1742896809736 0.013010735996067524 12
1742896809824 0.012481548823416233 13
1742896809903 0.012607353366911411 14
1742896809983 0.011947243288159371 15
1742896810061 0.011687488853931427 16
1742896810133 0.011396351270377636 17
1742896810218 0.010926904529333115 18
1742896810302 0.010654839128255844 19
1742896810383 0.010142095386981964 20
1742896810459 0.009625840000808239 21
1742896810533 0.009136451873928308 22
1742896810598 0.008443541917949915 23
1742896810664 0.007787432707846165 24
1742896810733 0.00726257935166359 25
1742896810792 0.006509520765393973 26
1742896810854 0.006181242316961289 27
1742896810920 0.006255679484456778 28
1742896810982 0.006609567441046238 29
1742896811040 0.005994031857699156 30
1742896811107 0.005459512397646904 31
1742896811169 0.005398820526897908 32
1742896811229 0.005211320985108614 33
1742896811286 0.005054294504225254 34
1742896811343 0.004982758685946465 35
1742896811415 0.005192030407488346 36
1742896811473 0.004828325938433409 37
1742896811530 0.004812794318422675 38
1742896811585 0.004746293369680643 39
1742896811645 0.004619381669908762 40
1742896811706 0.004575561499223113 41
1742896811768 0.004472137242555618 42
1742896811823 0.004371540714055299 43
1742896811878 0.004321393650025129 44
1742896811936 0.004268579836934805 45
1742896811992 0.0043170798104256395 46
1742896812049 0.004527167463675141 47
1742896812107 0.004984495369717479 48
1742896812160 0.0047166061121970415 49
1742896812219 0.004638161417096854 50
