1742896280950 0.34094507694244386 1
1742896281018 0.2097519278526306 2
1742896281092 0.07443617992103099 3
1742896281164 0.029084564186632633 4
1742896281282 0.01881793588399887 5
1742896281403 0.019265975430607797 6
1742896281488 0.01823010463267565 7
1742896281567 0.01290599089115858 8
1742896281635 0.0143714914098382 9
1742896281713 0.01287604533135891 10
1742896281798 0.012497592717409134 11
1742896281881 0.0122070899233222 12
1742896281949 0.011458947136998177 13
1742896282021 0.01132025644183159 14
1742896282092 0.010400155652314424 15
1742896282175 0.010007446445524693 16
1742896282254 0.009213585499674081 17
1742896282323 0.008368018828332425 18
1742896282397 0.007356423605233431 19
1742896282467 0.0063872884027659895 20
1742896282540 0.006169453170150519 21
1742896282611 0.005894195102155208 22
1742896282681 0.005891343113034964 23
1742896282752 0.005431883502751589 24
1742896282824 0.005178006831556559 25
1742896282896 0.005428274814039469 26
1742896282968 0.005016026087105274 27
1742896283047 0.004860619455575943 28
1742896283140 0.004771913401782513 29
1742896283235 0.004604843724519014 30
1742896283304 0.004514192184433341 31
1742896283370 0.004491476528346539 32
1742896283440 0.004276983998715877 33
1742896283504 0.004279237100854516 34
1742896283570 0.004065396543592214 35
1742896283640 0.00411188555881381 36
1742896283706 0.004018745524808765 37
1742896283772 0.004080624878406524 38
1742896283838 0.004399577621370554 39
1742896283901 0.0036794940009713174 40
1742896283973 0.003582304436713457 41
1742896284043 0.0034358583856374026 42
1742896284120 0.003635499533265829 43
1742896284192 0.0036072207149118185 44
1742896284265 0.003431135695427656 45
1742896284343 0.003366399463266134 46
1742896284407 0.003255873080343008 47
1742896284471 0.0030675195157527924 48
1742896284541 0.0029056031722575425 49
1742896284606 0.0030015974771231413 50
