1742901777652 0.3616518139839172 1
1742901777777 0.06028109369799495 2
1742901777904 0.020767767447978258 3
1742901778023 0.015188158303499222 4
1742901778143 0.012833821773529052 5
1742901778264 0.013010084861889482 6
1742901778390 0.011899846978485585 7
1742901778515 0.01103808821644634 8
1742901778630 0.010258420370519161 9
1742901778757 0.009651057375594973 10
1742901778949 0.009007995459251105 11
1742901779067 0.008283651294186711 12
1742901779180 0.007753293402493 13
1742901779300 0.006508568301796913 14
1742901779417 0.006530487723648548 15
1742901779534 0.005447838455438614 16
1742901779665 0.005376096651889384 17
1742901779787 0.00539387334138155 18
1742901779893 0.005120433703996241 19
1742901780004 0.0049043200560845435 20
1742901780125 0.004954365664161742 21
1742901780242 0.0048472870141267775 22
1742901780357 0.004796720598824323 23
1742901780478 0.004792254278436303 24
1742901780595 0.005982818640768528 25
1742901780711 0.0055448720697313545 26
1742901780829 0.0050809119362384084 27
1742901780947 0.004163286788389087 28
1742901781061 0.003810701845213771 29
1742901781168 0.003936302964575589 30
1742901781269 0.0035402540233917534 31
1742901781372 0.0034900813945569096 32
1742901781471 0.0033065318828448655 33
1742901781568 0.0033372970297932624 34
1742901781694 0.003014714946039021 35
1742901781786 0.0028984636534005403 36
1742901781879 0.002884278679266572 37
1742901781970 0.00293994682142511 38
1742901782067 0.002766655036248267 39
1742901782165 0.002670706284698099 40
1742901782266 0.002552508609369397 41
1742901782369 0.002570298849605024 42
1742901782463 0.003170622745528817 43
1742901782558 0.0031401140615344046 44
1742901782653 0.0025997407617978753 45
1742901782752 0.0026258069789037108 46
1742901782850 0.0024459833279252053 47
1742901782950 0.0027001863811165093 48
1742901783045 0.002781764091923833 49
1742901783140 0.002739378239493817 50
